3 2 22951.966700
4 3 28089.174600
5 5 27708.650700
6 8 27407.114800
7 13 28579.848600
8 21 34075.422500
9 34 35622.377400
10 55 34822.264200
11 89 35324.242900
12 144 34515.645400
13 233 35459.538200
14 377 35343.380500
15 610 37184.592200
16 987 42334.084900
17 1597 41596.247200
18 2584 45683.490300
19 4181 44201.748000
20 6765 42155.824100
21 10946 42737.637300
22 17711 43012.014400
23 28657 44797.366000
24 46368 41490.365300
25 75025 43067.457800
26 121393 42757.660900
27 196418 44585.544900
28 317811 43834.120100
29 514229 45117.938500
30 832040 45009.360000
31 1346269 44470.437100
32 2178309 48114.144600
33 3524578 49795.203200
34 5702887 49358.802600
35 9227465 50505.020300
36 14930352 50080.816800
37 24157817 50193.010500
38 39088169 50582.265400
39 63245986 51122.296700
40 102334155 49177.993600
41 165580141 50026.432000
