1 1 173861.249400
2 1 176751.263400
3 2 172991.247900
4 3 182593.105200
5 5 255075.465600
10 55 178862.527400
20 6765 185614.065300
30 832040 225103.040400
1 1 18462.848600
2 1 26389.820400
3 2 18945.039800
4 3 26504.027300
5 5 20164.523100
1 1 18230.669100
2 1 27139.079400
3 2 18712.078700
4 3 27864.949800
5 5 19836.733600
10 55 24121.128300
20 6765 43132.762200
30 832040 38108.493600
1 1 17600.539100
2 1 19621.133000
3 2 27413.214300
4 3 27651.460200
5 5 19792.729700
10 55 23015.247600
20 6765 29947.341600
30 832040 36459.998000
1 1 17714.454900
2 1 26655.401700
1 1 18010.229100
2 1 18951.997300
3 2 25567.444800
4 3 19364.355200
5 5 19877.922700
10 55 24147.640200
20 6765 30013.795300
30 832040 37708.759000
1 1 3203.160000
2 1 3252.720000
3 2 3374.520000
4 3 3368.360000
5 5 4698.160000
10 55 3264.360000
20 6765 4392.600000
30 832040 4840.800000
1 1 17919.557100
2 1 19313.122500
3 2 27573.588300
4 3 21178.439600
5 5 28415.098800
10 55 31610.188900
20 6765 29910.741800
30 832040 36501.748400
