3 2 16906.420100
4 3 18993.750300
5 5 19012.080300
6 8 19024.792500
7 13 19522.364400
8 21 20426.546100
9 34 21388.812700
10 55 21378.988300
11 89 23116.899200
12 144 21446.047600
13 233 22805.767900
14 377 23955.761600
15 610 23739.465100
16 987 24476.546400
17 1597 25341.895100
18 2584 25407.217700
19 4181 25431.691100
20 6765 25206.222700
21 10946 24708.683000
22 17711 26456.999300
23 28657 26406.958700
24 46368 25466.253000
25 75025 25757.436700
26 121393 25366.672000
27 196418 25501.653000
28 317811 25326.167500
29 514229 25573.069900
30 832040 26465.634000
31 1346269 26450.147800
32 2178309 26505.654000
33 3524578 26588.618700
34 5702887 26791.447400
35 9227465 27422.261300
36 14930352 26570.110100
37 24157817 27378.691000
38 39088169 27380.778300
39 63245986 29380.292800
40 102334155 26978.569400
41 165580141 31059.664900
